id,nome,codigo_venda,peso,preco
1,melancia,01,3.00,30.00
2,morango,02,500.00,10.00
3,laranja,03,1.00,8.00
4,melão,04,1.00,8.00
5,mamã0,05,500.00,10.00
7,uva,06,500.00,13.00
8,kiwi,07,1.00,20.00
9,maça,08,1.00,10.00
10,pêra,09,1.00,10.00
11,mexerica,10,1.00,5.00
12,abacate,11,1.00,6.00
13,limão,12,1.00,5.00
14,manga,13,1.00,8.00
15,banana,14,2.00,6.00
16,abacaxi,15,2.00,8.00
20,pêssego,16,1.00,10.00
21,caqui,17,1.00,10.00
22,goiaba,18,1.00,8.00
23,acerola,19,1.00,12.00
24,maracujá,20,2.00,12.00
25,graviola,21,1.00,10.00
26,ameixa,22,100.00,10.00
27,figo,23,100.00,10.00
